state        ' '  '!'  '"'  '#'  '$'  '%'  '&'  '''  '('  ')'  '*'  '+'  ','  '-'  '.'  '/'  '0'  '1'  '2'  '3'  '4'  '5'  '6'  '7'  '8'  '9'  ':'  ';'  '<'  '='  '>'  '?'  '@'  'A'  'B'  'C'  'D'  'E'  'F'  'G'  'H'  'I'  'J'  'K'  'L'  'M'  'N'  'O'  'P'  'Q'  'R'  'S'  'T'  'U'  'V'  'W'  'X'  'Y'  'Z'  '['  '\'  ']'  '^'  '_'  '`'  'a'  'b'  'c'  'd'  'e'  'f'  'g'  'h'  'i'  'j'  'k'  'l'  'm'  'n'  'o'  'p'  'q'  'r'  's'  't'  'u'  'v'  'w'  'x'  'y'  'z'  '{'  '|'  '}'  '~' 
    0        -1    1    2    3   -1   -1   -1   -1    4    5    6    7    8    9   10   11   12   12   12   12   12   12   12   12   12   12   13   14   15   16   17   -1   18   19   19   19   19   19   19   19   19   19   19   19   19   19   19   19   19   19   19   19   19   19   19   19   19   19   19   20   -1   21   -1   -1   -1   22   23   22   22   24   25   22   22   26   22   22   22   22   22   22   22   22   22   22   22   22   22   27   22   22   22   28   29   30   -1
    1        -1   -1   -1   -1   -1   -1   -1   -1   -1   -1   -1   -1   -1   -1   -1   -1   -1   -1   -1   -1   -1   -1   -1   -1   -1   -1   -1   -1   -1   31   -1   -1   -1   -1   -1   -1   -1   -1   -1   -1   -1   -1   -1   -1   -1   -1   -1   -1   -1   -1   -1   -1   -1   -1   -1   -1   -1   -1   -1   -1   -1   -1   -1   -1   -1   -1   -1   -1   -1   -1   -1   -1   -1   -1   -1   -1   -1   -1   -1   -1   -1   -1   -1   -1   -1   -1   -1   -1   -1   -1   -1   -1   -1   -1   -1
   *2        -1   -1   -1   -1   -1   -1   -1   -1   -1   -1   -1   -1   -1   -1   -1   -1   -1   -1   -1   -1   -1   -1   -1   -1   -1   -1   -1   -1   -1   -1   -1   -1   -1   -1   -1   -1   -1   -1   -1   -1   -1   -1   -1   -1   -1   -1   -1   -1   -1   -1   -1   -1   -1   -1   -1   -1   -1   -1   -1   -1   -1   -1   -1   -1   -1   -1   -1   -1   -1   -1   -1   -1   -1   -1   -1   -1   -1   -1   -1   -1   -1   -1   -1   -1   -1   -1   -1   -1   -1   -1   -1   -1   -1   -1   -1
   *3        -1   -1   -1   -1   -1   -1   -1   -1   -1   -1   -1   -1   -1   -1   -1   -1   -1   -1   -1   -1   -1   -1   -1   -1   -1   -1   -1   -1   -1   -1   -1   -1   -1   -1   -1   -1   -1   -1   -1   -1   -1   -1   -1   -1   -1   -1   -1   -1   -1   -1   -1   -1   -1   -1   -1   -1   -1   -1   -1   -1   -1   -1   -1   -1   -1   -1   -1   -1   -1   -1   -1   -1   -1   -1   -1   -1   -1   -1   -1   -1   -1   -1   -1   -1   -1   -1   -1   -1   -1   -1   -1   -1   -1   -1   -1
   *4        -1   -1   -1   -1   -1   -1   -1   -1   -1   -1   -1   -1   -1   -1   -1   -1   -1   -1   -1   -1   -1   -1   -1   -1   -1   -1   -1   -1   -1   -1   -1   -1   -1   -1   -1   -1   -1   -1   -1   -1   -1   -1   -1   -1   -1   -1   -1   -1   -1   -1   -1   -1   -1   -1   -1   -1   -1   -1   -1   -1   -1   -1   -1   -1   -1   -1   -1   -1   -1   -1   -1   -1   -1   -1   -1   -1   -1   -1   -1   -1   -1   -1   -1   -1   -1   -1   -1   -1   -1   -1   -1   -1   -1   -1   -1
   *5        -1   -1   -1   -1   -1   -1   -1   -1   -1   -1   -1   -1   -1   -1   -1   -1   -1   -1   -1   -1   -1   -1   -1   -1   -1   -1   -1   -1   -1   -1   -1   -1   -1   -1   -1   -1   -1   -1   -1   -1   -1   -1   -1   -1   -1   -1   -1   -1   -1   -1   -1   -1   -1   -1   -1   -1   -1   -1   -1   -1   -1   -1   -1   -1   -1   -1   -1   -1   -1   -1   -1   -1   -1   -1   -1   -1   -1   -1   -1   -1   -1   -1   -1   -1   -1   -1   -1   -1   -1   -1   -1   -1   -1   -1   -1
   *6        -1   -1   -1   -1   -1   -1   -1   -1   -1   -1   -1   -1   -1   -1   -1   -1   -1   -1   -1   -1   -1   -1   -1   -1   -1   -1   -1   -1   -1   -1   -1   -1   -1   -1   -1   -1   -1   -1   -1   -1   -1   -1   -1   -1   -1   -1   -1   -1   -1   -1   -1   -1   -1   -1   -1   -1   -1   -1   -1   -1   -1   -1   -1   -1   -1   -1   -1   -1   -1   -1   -1   -1   -1   -1   -1   -1   -1   -1   -1   -1   -1   -1   -1   -1   -1   -1   -1   -1   -1   -1   -1   -1   -1   -1   -1
   *7        -1   -1   -1   -1   -1   -1   -1   -1   -1   -1   -1   -1   -1   -1   -1   -1   -1   -1   -1   -1   -1   -1   -1   -1   -1   -1   -1   -1   -1   -1   -1   -1   -1   -1   -1   -1   -1   -1   -1   -1   -1   -1   -1   -1   -1   -1   -1   -1   -1   -1   -1   -1   -1   -1   -1   -1   -1   -1   -1   -1   -1   -1   -1   -1   -1   -1   -1   -1   -1   -1   -1   -1   -1   -1   -1   -1   -1   -1   -1   -1   -1   -1   -1   -1   -1   -1   -1   -1   -1   -1   -1   -1   -1   -1   -1
   *8        -1   -1   -1   -1   -1   -1   -1   -1   -1   -1   -1   -1   -1   -1   -1   -1   -1   -1   -1   -1   -1   -1   -1   -1   -1   -1   -1   -1   -1   -1   -1   -1   -1   -1   -1   -1   -1   -1   -1   -1   -1   -1   -1   -1   -1   -1   -1   -1   -1   -1   -1   -1   -1   -1   -1   -1   -1   -1   -1   -1   -1   -1   -1   -1   -1   -1   -1   -1   -1   -1   -1   -1   -1   -1   -1   -1   -1   -1   -1   -1   -1   -1   -1   -1   -1   -1   -1   -1   -1   -1   -1   -1   -1   -1   -1
   *9        -1   -1   -1   -1   -1   -1   -1   -1   -1   -1   -1   -1   -1   -1   -1   -1   -1   -1   -1   -1   -1   -1   -1   -1   -1   -1   -1   -1   -1   -1   -1   -1   -1   -1   -1   -1   -1   -1   -1   -1   -1   -1   -1   -1   -1   -1   -1   -1   -1   -1   -1   -1   -1   -1   -1   -1   -1   -1   -1   -1   -1   -1   -1   -1   -1   -1   -1   -1   -1   -1   -1   -1   -1   -1   -1   -1   -1   -1   -1   -1   -1   -1   -1   -1   -1   -1   -1   -1   -1   -1   -1   -1   -1   -1   -1
  *10        -1   -1   -1   -1   -1   -1   -1   -1   -1   -1   -1   -1   -1   -1   -1   -1   -1   -1   -1   -1   -1   -1   -1   -1   -1   -1   -1   -1   -1   -1   -1   -1   -1   -1   -1   -1   -1   -1   -1   -1   -1   -1   -1   -1   -1   -1   -1   -1   -1   -1   -1   -1   -1   -1   -1   -1   -1   -1   -1   -1   -1   -1   -1   -1   -1   -1   -1   -1   -1   -1   -1   -1   -1   -1   -1   -1   -1   -1   -1   -1   -1   -1   -1   -1   -1   -1   -1   -1   -1   -1   -1   -1   -1   -1   -1
  *11        -1   -1   -1   -1   -1   -1   -1   -1   -1   -1   -1   -1   -1   -1   -1   -1   -1   -1   -1   -1   -1   -1   -1   -1   -1   -1   -1   -1   -1   -1   -1   -1   -1   -1   -1   -1   -1   -1   -1   -1   -1   -1   -1   -1   -1   -1   -1   -1   -1   -1   -1   -1   -1   -1   -1   -1   -1   -1   -1   -1   -1   -1   -1   -1   -1   -1   -1   -1   -1   -1   -1   -1   -1   -1   -1   -1   -1   -1   -1   -1   -1   -1   -1   -1   -1   -1   -1   -1   -1   -1   -1   -1   -1   -1   -1
  *12        -1   -1   -1   -1   -1   -1   -1   -1   -1   -1   -1   -1   -1   -1   32   -1   12   12   12   12   12   12   12   12   12   12   -1   -1   -1   -1   -1   -1   -1   -1   -1   -1   -1   -1   -1   -1   -1   -1   -1   -1   -1   -1   -1   -1   -1   -1   -1   -1   -1   -1   -1   -1   -1   -1   -1   -1   -1   -1   -1   -1   -1   -1   -1   -1   -1   -1   -1   -1   -1   -1   -1   -1   -1   -1   -1   -1   -1   -1   -1   -1   -1   -1   -1   -1   -1   -1   -1   -1   -1   -1   -1
  *13        -1   -1   -1   -1   -1   -1   -1   -1   -1   -1   -1   -1   -1   -1   -1   -1   -1   -1   -1   -1   -1   -1   -1   -1   -1   -1   -1   -1   -1   -1   -1   -1   -1   -1   -1   -1   -1   -1   -1   -1   -1   -1   -1   -1   -1   -1   -1   -1   -1   -1   -1   -1   -1   -1   -1   -1   -1   -1   -1   -1   -1   -1   -1   -1   -1   -1   -1   -1   -1   -1   -1   -1   -1   -1   -1   -1   -1   -1   -1   -1   -1   -1   -1   -1   -1   -1   -1   -1   -1   -1   -1   -1   -1   -1   -1
  *14        -1   -1   -1   -1   -1   -1   -1   -1   -1   -1   -1   -1   -1   -1   -1   -1   -1   -1   -1   -1   -1   -1   -1   -1   -1   -1   -1   -1   -1   -1   -1   -1   -1   -1   -1   -1   -1   -1   -1   -1   -1   -1   -1   -1   -1   -1   -1   -1   -1   -1   -1   -1   -1   -1   -1   -1   -1   -1   -1   -1   -1   -1   -1   -1   -1   -1   -1   -1   -1   -1   -1   -1   -1   -1   -1   -1   -1   -1   -1   -1   -1   -1   -1   -1   -1   -1   -1   -1   -1   -1   -1   -1   -1   -1   -1
  *15        -1   -1   -1   -1   -1   -1   -1   -1   -1   -1   -1   -1   -1   -1   -1   -1   -1   -1   -1   -1   -1   -1   -1   -1   -1   -1   -1   -1   -1   33   -1   -1   -1   -1   -1   -1   -1   -1   -1   -1   -1   -1   -1   -1   -1   -1   -1   -1   -1   -1   -1   -1   -1   -1   -1   -1   -1   -1   -1   -1   -1   -1   -1   -1   -1   -1   -1   -1   -1   -1   -1   -1   -1   -1   -1   -1   -1   -1   -1   -1   -1   -1   -1   -1   -1   -1   -1   -1   -1   -1   -1   -1   -1   -1   -1
  *16        -1   -1   -1   -1   -1   -1   -1   -1   -1   -1   -1   -1   -1   -1   -1   -1   -1   -1   -1   -1   -1   -1   -1   -1   -1   -1   -1   -1   -1   34   -1   -1   -1   -1   -1   -1   -1   -1   -1   -1   -1   -1   -1   -1   -1   -1   -1   -1   -1   -1   -1   -1   -1   -1   -1   -1   -1   -1   -1   -1   -1   -1   -1   -1   -1   -1   -1   -1   -1   -1   -1   -1   -1   -1   -1   -1   -1   -1   -1   -1   -1   -1   -1   -1   -1   -1   -1   -1   -1   -1   -1   -1   -1   -1   -1
  *17        -1   -1   -1   -1   -1   -1   -1   -1   -1   -1   -1   -1   -1   -1   -1   -1   -1   -1   -1   -1   -1   -1   -1   -1   -1   -1   -1   -1   -1   35   -1   -1   -1   -1   -1   -1   -1   -1   -1   -1   -1   -1   -1   -1   -1   -1   -1   -1   -1   -1   -1   -1   -1   -1   -1   -1   -1   -1   -1   -1   -1   -1   -1   -1   -1   -1   -1   -1   -1   -1   -1   -1   -1   -1   -1   -1   -1   -1   -1   -1   -1   -1   -1   -1   -1   -1   -1   -1   -1   -1   -1   -1   -1   -1   -1
  *18        -1   -1   -1   -1   -1   -1   -1   -1   -1   -1   -1   -1   -1   -1   -1   -1   -1   -1   -1   -1   -1   -1   -1   -1   -1   -1   -1   -1   -1   -1   -1   -1   -1   -1   -1   -1   -1   -1   -1   -1   -1   -1   -1   -1   -1   -1   -1   -1   -1   -1   -1   -1   -1   -1   -1   -1   -1   -1   -1   -1   -1   -1   -1   -1   -1   -1   -1   -1   -1   -1   -1   -1   -1   -1   -1   -1   -1   -1   -1   -1   -1   -1   -1   -1   -1   -1   -1   -1   -1   -1   -1   -1   -1   -1   -1
  *19        -1   -1   -1   -1   -1   -1   -1   -1   -1   -1   -1   -1   -1   -1   -1   -1   36   36   36   36   36   36   36   36   36   36   -1   -1   -1   -1   -1   -1   -1   37   37   37   37   37   37   37   37   37   37   37   37   37   37   37   37   37   37   37   37   37   37   37   37   37   37   -1   -1   -1   -1   -1   -1   38   38   38   38   38   38   38   38   38   38   38   38   38   38   38   38   38   38   38   38   38   38   38   38   38   38   -1   -1   -1   -1
  *20        -1   -1   -1   -1   -1   -1   -1   -1   -1   -1   -1   -1   -1   -1   -1   -1   -1   -1   -1   -1   -1   -1   -1   -1   -1   -1   -1   -1   -1   -1   -1   -1   -1   -1   -1   -1   -1   -1   -1   -1   -1   -1   -1   -1   -1   -1   -1   -1   -1   -1   -1   -1   -1   -1   -1   -1   -1   -1   -1   -1   -1   -1   -1   -1   -1   -1   -1   -1   -1   -1   -1   -1   -1   -1   -1   -1   -1   -1   -1   -1   -1   -1   -1   -1   -1   -1   -1   -1   -1   -1   -1   -1   -1   -1   -1
  *21        -1   -1   -1   -1   -1   -1   -1   -1   -1   -1   -1   -1   -1   -1   -1   -1   -1   -1   -1   -1   -1   -1   -1   -1   -1   -1   -1   -1   -1   -1   -1   -1   -1   -1   -1   -1   -1   -1   -1   -1   -1   -1   -1   -1   -1   -1   -1   -1   -1   -1   -1   -1   -1   -1   -1   -1   -1   -1   -1   -1   -1   -1   -1   -1   -1   -1   -1   -1   -1   -1   -1   -1   -1   -1   -1   -1   -1   -1   -1   -1   -1   -1   -1   -1   -1   -1   -1   -1   -1   -1   -1   -1   -1   -1   -1
  *22        -1   -1   -1   -1   -1   -1   -1   -1   -1   -1   -1   -1   -1   -1   -1   -1   36   36   36   36   36   36   36   36   36   36   -1   -1   -1   -1   -1   -1   -1   37   37   37   37   37   37   37   37   37   37   37   37   37   37   37   37   37   37   37   37   37   37   37   37   37   37   -1   -1   -1   -1   -1   -1   38   38   38   38   38   38   38   38   38   38   38   38   38   38   38   38   38   38   38   38   38   38   38   38   38   38   -1   -1   -1   -1
  *23        -1   -1   -1   -1   -1   -1   -1   -1   -1   -1   -1   -1   -1   -1   -1   -1   36   36   36   36   36   36   36   36   36   36   -1   -1   -1   -1   -1   -1   -1   37   37   37   37   37   37   37   37   37   37   37   37   37   37   37   37   37   37   37   37   37   37   37   37   37   37   -1   -1   -1   -1   -1   -1   38   38   38   38   38   38   38   38   38   38   38   38   38   38   39   38   38   38   38   38   38   38   38   38   38   38   -1   -1   -1   -1
  *24        -1   -1   -1   -1   -1   -1   -1   -1   -1   -1   -1   -1   -1   -1   -1   -1   36   36   36   36   36   36   36   36   36   36   -1   -1   -1   -1   -1   -1   -1   37   37   37   37   37   37   37   37   37   37   37   37   37   37   37   37   37   37   37   37   37   37   37   37   37   37   -1   -1   -1   -1   -1   -1   38   38   38   38   38   38   38   38   38   38   38   40   38   38   38   38   38   38   38   38   38   38   38   38   38   38   -1   -1   -1   -1
  *25        -1   -1   -1   -1   -1   -1   -1   -1   -1   -1   -1   -1   -1   -1   -1   -1   36   36   36   36   36   36   36   36   36   36   -1   -1   -1   -1   -1   -1   -1   37   37   37   37   37   37   37   37   37   37   37   37   37   37   37   37   37   37   37   37   37   37   37   37   37   37   -1   -1   -1   -1   -1   -1   38   38   38   38   38   38   38   38   38   38   38   41   38   38   38   38   38   38   38   38   38   38   38   38   38   38   -1   -1   -1   -1
  *26        -1   -1   -1   -1   -1   -1   -1   -1   -1   -1   -1   -1   -1   -1   -1   -1   36   36   36   36   36   36   36   36   36   36   -1   -1   -1   -1   -1   -1   -1   37   37   37   37   37   37   37   37   37   37   37   37   37   37   37   37   37   37   37   37   37   37   37   37   37   37   -1   -1   -1   -1   -1   -1   38   38   38   38   38   42   38   38   38   38   38   38   38   43   38   38   38   38   38   38   38   38   38   38   38   38   -1   -1   -1   -1
  *27        -1   -1   -1   -1   -1   -1   -1   -1   -1   -1   -1   -1   -1   -1   -1   -1   36   36   36   36   36   36   36   36   36   36   -1   -1   -1   -1   -1   -1   -1   37   37   37   37   37   37   37   37   37   37   37   37   37   37   37   37   37   37   37   37   37   37   37   37   37   37   -1   -1   -1   -1   -1   -1   38   38   38   38   38   38   38   44   38   38   38   38   38   38   38   38   38   38   38   38   38   38   38   38   38   38   -1   -1   -1   -1
  *28        -1   -1   -1   -1   -1   -1   -1   -1   -1   -1   -1   -1   -1   -1   -1   -1   -1   -1   -1   -1   -1   -1   -1   -1   -1   -1   -1   -1   -1   -1   -1   -1   -1   -1   -1   -1   -1   -1   -1   -1   -1   -1   -1   -1   -1   -1   -1   -1   -1   -1   -1   -1   -1   -1   -1   -1   -1   -1   -1   -1   -1   -1   -1   -1   -1   -1   -1   -1   -1   -1   -1   -1   -1   -1   -1   -1   -1   -1   -1   -1   -1   -1   -1   -1   -1   -1   -1   -1   -1   -1   -1   -1   -1   -1   -1
  *29        -1   -1   -1   -1   -1   -1   -1   -1   -1   -1   -1   -1   -1   -1   -1   -1   -1   -1   -1   -1   -1   -1   -1   -1   -1   -1   -1   -1   -1   -1   -1   -1   -1   -1   -1   -1   -1   -1   -1   -1   -1   -1   -1   -1   -1   -1   -1   -1   -1   -1   -1   -1   -1   -1   -1   -1   -1   -1   -1   -1   -1   -1   -1   -1   -1   -1   -1   -1   -1   -1   -1   -1   -1   -1   -1   -1   -1   -1   -1   -1   -1   -1   -1   -1   -1   -1   -1   -1   -1   -1   -1   -1   -1   -1   -1
  *30        -1   -1   -1   -1   -1   -1   -1   -1   -1   -1   -1   -1   -1   -1   -1   -1   -1   -1   -1   -1   -1   -1   -1   -1   -1   -1   -1   -1   -1   -1   -1   -1   -1   -1   -1   -1   -1   -1   -1   -1   -1   -1   -1   -1   -1   -1   -1   -1   -1   -1   -1   -1   -1   -1   -1   -1   -1   -1   -1   -1   -1   -1   -1   -1   -1   -1   -1   -1   -1   -1   -1   -1   -1   -1   -1   -1   -1   -1   -1   -1   -1   -1   -1   -1   -1   -1   -1   -1   -1   -1   -1   -1   -1   -1   -1
  *31        -1   -1   -1   -1   -1   -1   -1   -1   -1   -1   -1   -1   -1   -1   -1   -1   -1   -1   -1   -1   -1   -1   -1   -1   -1   -1   -1   -1   -1   -1   -1   -1   -1   -1   -1   -1   -1   -1   -1   -1   -1   -1   -1   -1   -1   -1   -1   -1   -1   -1   -1   -1   -1   -1   -1   -1   -1   -1   -1   -1   -1   -1   -1   -1   -1   -1   -1   -1   -1   -1   -1   -1   -1   -1   -1   -1   -1   -1   -1   -1   -1   -1   -1   -1   -1   -1   -1   -1   -1   -1   -1   -1   -1   -1   -1
   32        -1   -1   -1   -1   -1   -1   -1   -1   -1   -1   -1   -1   -1   -1   -1   -1   45   45   45   45   45   45   45   45   45   45   -1   -1   -1   -1   -1   -1   -1   -1   -1   -1   -1   -1   -1   -1   -1   -1   -1   -1   -1   -1   -1   -1   -1   -1   -1   -1   -1   -1   -1   -1   -1   -1   -1   -1   -1   -1   -1   -1   -1   -1   -1   -1   -1   -1   -1   -1   -1   -1   -1   -1   -1   -1   -1   -1   -1   -1   -1   -1   -1   -1   -1   -1   -1   -1   -1   -1   -1   -1   -1
  *33        -1   -1   -1   -1   -1   -1   -1   -1   -1   -1   -1   -1   -1   -1   -1   -1   -1   -1   -1   -1   -1   -1   -1   -1   -1   -1   -1   -1   -1   -1   -1   -1   -1   -1   -1   -1   -1   -1   -1   -1   -1   -1   -1   -1   -1   -1   -1   -1   -1   -1   -1   -1   -1   -1   -1   -1   -1   -1   -1   -1   -1   -1   -1   -1   -1   -1   -1   -1   -1   -1   -1   -1   -1   -1   -1   -1   -1   -1   -1   -1   -1   -1   -1   -1   -1   -1   -1   -1   -1   -1   -1   -1   -1   -1   -1
  *34        -1   -1   -1   -1   -1   -1   -1   -1   -1   -1   -1   -1   -1   -1   -1   -1   -1   -1   -1   -1   -1   -1   -1   -1   -1   -1   -1   -1   -1   -1   -1   -1   -1   -1   -1   -1   -1   -1   -1   -1   -1   -1   -1   -1   -1   -1   -1   -1   -1   -1   -1   -1   -1   -1   -1   -1   -1   -1   -1   -1   -1   -1   -1   -1   -1   -1   -1   -1   -1   -1   -1   -1   -1   -1   -1   -1   -1   -1   -1   -1   -1   -1   -1   -1   -1   -1   -1   -1   -1   -1   -1   -1   -1   -1   -1
  *35        -1   -1   -1   -1   -1   -1   -1   -1   -1   -1   -1   -1   -1   -1   -1   -1   -1   -1   -1   -1   -1   -1   -1   -1   -1   -1   -1   -1   -1   -1   -1   -1   -1   -1   -1   -1   -1   -1   -1   -1   -1   -1   -1   -1   -1   -1   -1   -1   -1   -1   -1   -1   -1   -1   -1   -1   -1   -1   -1   -1   -1   -1   -1   -1   -1   -1   -1   -1   -1   -1   -1   -1   -1   -1   -1   -1   -1   -1   -1   -1   -1   -1   -1   -1   -1   -1   -1   -1   -1   -1   -1   -1   -1   -1   -1
  *36        -1   -1   -1   -1   -1   -1   -1   -1   -1   -1   -1   -1   -1   -1   -1   -1   36   36   36   36   36   36   36   36   36   36   -1   -1   -1   -1   -1   -1   -1   37   37   37   37   37   37   37   37   37   37   37   37   37   37   37   37   37   37   37   37   37   37   37   37   37   37   -1   -1   -1   -1   -1   -1   38   38   38   38   38   38   38   38   38   38   38   38   38   38   38   38   38   38   38   38   38   38   38   38   38   38   -1   -1   -1   -1
  *37        -1   -1   -1   -1   -1   -1   -1   -1   -1   -1   -1   -1   -1   -1   -1   -1   36   36   36   36   36   36   36   36   36   36   -1   -1   -1   -1   -1   -1   -1   37   37   37   37   37   37   37   37   37   37   37   37   37   37   37   37   37   37   37   37   37   37   37   37   37   37   -1   -1   -1   -1   -1   -1   38   38   38   38   38   38   38   38   38   38   38   38   38   38   38   38   38   38   38   38   38   38   38   38   38   38   -1   -1   -1   -1
  *38        -1   -1   -1   -1   -1   -1   -1   -1   -1   -1   -1   -1   -1   -1   -1   -1   36   36   36   36   36   36   36   36   36   36   -1   -1   -1   -1   -1   -1   -1   37   37   37   37   37   37   37   37   37   37   37   37   37   37   37   37   37   37   37   37   37   37   37   37   37   37   -1   -1   -1   -1   -1   -1   38   38   38   38   38   38   38   38   38   38   38   38   38   38   38   38   38   38   38   38   38   38   38   38   38   38   -1   -1   -1   -1
  *39        -1   -1   -1   -1   -1   -1   -1   -1   -1   -1   -1   -1   -1   -1   -1   -1   36   36   36   36   36   36   36   36   36   36   -1   -1   -1   -1   -1   -1   -1   37   37   37   37   37   37   37   37   37   37   37   37   37   37   37   37   37   37   37   37   37   37   37   37   37   37   -1   -1   -1   -1   -1   -1   38   38   38   38   38   38   38   38   38   38   38   38   38   38   46   38   38   38   38   38   38   38   38   38   38   38   -1   -1   -1   -1
  *40        -1   -1   -1   -1   -1   -1   -1   -1   -1   -1   -1   -1   -1   -1   -1   -1   36   36   36   36   36   36   36   36   36   36   -1   -1   -1   -1   -1   -1   -1   37   37   37   37   37   37   37   37   37   37   37   37   37   37   37   37   37   37   37   37   37   37   37   37   37   37   -1   -1   -1   -1   -1   -1   38   38   38   38   38   38   38   38   38   38   38   38   38   38   38   38   38   38   47   38   38   38   38   38   38   38   -1   -1   -1   -1
  *41        -1   -1   -1   -1   -1   -1   -1   -1   -1   -1   -1   -1   -1   -1   -1   -1   36   36   36   36   36   36   36   36   36   36   -1   -1   -1   -1   -1   -1   -1   37   37   37   37   37   37   37   37   37   37   37   37   37   37   37   37   37   37   37   37   37   37   37   37   37   37   -1   -1   -1   -1   -1   -1   38   38   38   38   38   38   38   38   38   38   38   38   38   38   48   38   38   38   38   38   38   38   38   38   38   38   -1   -1   -1   -1
  *42        -1   -1   -1   -1   -1   -1   -1   -1   -1   -1   -1   -1   -1   -1   -1   -1   36   36   36   36   36   36   36   36   36   36   -1   -1   -1   -1   -1   -1   -1   37   37   37   37   37   37   37   37   37   37   37   37   37   37   37   37   37   37   37   37   37   37   37   37   37   37   -1   -1   -1   -1   -1   -1   38   38   38   38   38   38   38   38   38   38   38   38   38   38   38   38   38   38   38   38   38   38   38   38   38   38   -1   -1   -1   -1
  *43        -1   -1   -1   -1   -1   -1   -1   -1   -1   -1   -1   -1   -1   -1   -1   -1   36   36   36   36   36   36   36   36   36   36   -1   -1   -1   -1   -1   -1   -1   37   37   37   37   37   37   37   37   37   37   37   37   37   37   37   37   37   37   37   37   37   37   37   37   37   37   -1   -1   -1   -1   -1   -1   38   38   38   38   38   38   38   38   38   38   38   38   38   38   38   38   38   38   38   49   38   38   38   38   38   38   -1   -1   -1   -1
  *44        -1   -1   -1   -1   -1   -1   -1   -1   -1   -1   -1   -1   -1   -1   -1   -1   36   36   36   36   36   36   36   36   36   36   -1   -1   -1   -1   -1   -1   -1   37   37   37   37   37   37   37   37   37   37   37   37   37   37   37   37   37   37   37   37   37   37   37   37   37   37   -1   -1   -1   -1   -1   -1   38   38   38   38   38   38   38   38   50   38   38   38   38   38   38   38   38   38   38   38   38   38   38   38   38   38   -1   -1   -1   -1
  *45        -1   -1   -1   -1   -1   -1   -1   -1   -1   -1   -1   -1   -1   -1   -1   -1   45   45   45   45   45   45   45   45   45   45   -1   -1   -1   -1   -1   -1   -1   -1   -1   -1   -1   51   -1   -1   -1   -1   -1   -1   -1   -1   -1   -1   -1   -1   -1   -1   -1   -1   -1   -1   -1   -1   -1   -1   -1   -1   -1   -1   -1   -1   -1   -1   -1   -1   -1   -1   -1   -1   -1   -1   -1   -1   -1   -1   -1   -1   -1   -1   -1   -1   -1   -1   -1   -1   -1   -1   -1   -1   -1
  *46        -1   -1   -1   -1   -1   -1   -1   -1   -1   -1   -1   -1   -1   -1   -1   -1   36   36   36   36   36   36   36   36   36   36   -1   -1   -1   -1   -1   -1   -1   37   37   37   37   37   37   37   37   37   37   37   37   37   37   37   37   37   37   37   37   37   37   37   37   37   37   -1   -1   -1   -1   -1   -1   38   38   38   38   38   38   38   38   38   38   38   52   38   38   38   38   38   38   38   38   38   38   38   38   38   38   -1   -1   -1   -1
  *47        -1   -1   -1   -1   -1   -1   -1   -1   -1   -1   -1   -1   -1   -1   -1   -1   36   36   36   36   36   36   36   36   36   36   -1   -1   -1   -1   -1   -1   -1   37   37   37   37   37   37   37   37   37   37   37   37   37   37   37   37   37   37   37   37   37   37   37   37   37   37   -1   -1   -1   -1   -1   -1   38   38   38   38   53   38   38   38   38   38   38   38   38   38   38   38   38   38   38   38   38   38   38   38   38   38   -1   -1   -1   -1
  *48        -1   -1   -1   -1   -1   -1   -1   -1   -1   -1   -1   -1   -1   -1   -1   -1   36   36   36   36   36   36   36   36   36   36   -1   -1   -1   -1   -1   -1   -1   37   37   37   37   37   37   37   37   37   37   37   37   37   37   37   37   37   37   37   37   37   37   37   37   37   37   -1   -1   -1   -1   -1   -1   54   38   38   38   38   38   38   38   38   38   38   38   38   38   38   38   38   38   38   38   38   38   38   38   38   38   -1   -1   -1   -1
  *49        -1   -1   -1   -1   -1   -1   -1   -1   -1   -1   -1   -1   -1   -1   -1   -1   36   36   36   36   36   36   36   36   36   36   -1   -1   -1   -1   -1   -1   -1   37   37   37   37   37   37   37   37   37   37   37   37   37   37   37   37   37   37   37   37   37   37   37   37   37   37   -1   -1   -1   -1   -1   -1   38   38   38   38   38   38   38   38   38   38   38   38   38   38   38   38   38   38   38   38   38   38   38   38   38   38   -1   -1   -1   -1
  *50        -1   -1   -1   -1   -1   -1   -1   -1   -1   -1   -1   -1   -1   -1   -1   -1   36   36   36   36   36   36   36   36   36   36   -1   -1   -1   -1   -1   -1   -1   37   37   37   37   37   37   37   37   37   37   37   37   37   37   37   37   37   37   37   37   37   37   37   37   37   37   -1   -1   -1   -1   -1   -1   38   38   38   38   38   38   38   38   38   38   38   55   38   38   38   38   38   38   38   38   38   38   38   38   38   38   -1   -1   -1   -1
   51        -1   -1   -1   -1   -1   -1   -1   -1   -1   -1   -1   -1   -1   -1   -1   -1   56   56   56   56   56   56   56   56   56   56   -1   -1   -1   -1   -1   -1   -1   -1   -1   -1   -1   -1   -1   -1   -1   -1   -1   -1   -1   -1   -1   -1   -1   -1   -1   -1   -1   -1   -1   -1   -1   -1   -1   -1   -1   -1   -1   -1   -1   -1   -1   -1   -1   -1   -1   -1   -1   -1   -1   -1   -1   -1   -1   -1   -1   -1   -1   -1   -1   -1   -1   -1   -1   -1   -1   -1   -1   -1   -1
  *52        -1   -1   -1   -1   -1   -1   -1   -1   -1   -1   -1   -1   -1   -1   -1   -1   36   36   36   36   36   36   36   36   36   36   -1   -1   -1   -1   -1   -1   -1   37   37   37   37   37   37   37   37   37   37   37   37   37   37   37   37   37   37   37   37   37   37   37   37   37   37   -1   -1   -1   -1   -1   -1   38   38   38   38   57   38   38   38   38   38   38   38   38   38   38   38   38   38   38   38   38   38   38   38   38   38   -1   -1   -1   -1
  *53        -1   -1   -1   -1   -1   -1   -1   -1   -1   -1   -1   -1   -1   -1   -1   -1   36   36   36   36   36   36   36   36   36   36   -1   -1   -1   -1   -1   -1   -1   37   37   37   37   37   37   37   37   37   37   37   37   37   37   37   37   37   37   37   37   37   37   37   37   37   37   -1   -1   -1   -1   -1   -1   38   38   38   38   38   38   38   38   38   38   38   38   38   38   38   38   38   38   38   38   38   38   38   38   38   38   -1   -1   -1   -1
  *54        -1   -1   -1   -1   -1   -1   -1   -1   -1   -1   -1   -1   -1   -1   -1   -1   36   36   36   36   36   36   36   36   36   36   -1   -1   -1   -1   -1   -1   -1   37   37   37   37   37   37   37   37   37   37   37   37   37   37   37   37   37   37   37   37   37   37   37   37   37   37   -1   -1   -1   -1   -1   -1   38   38   38   38   38   38   38   38   38   38   38   38   38   38   38   38   38   38   38   58   38   38   38   38   38   38   -1   -1   -1   -1
  *55        -1   -1   -1   -1   -1   -1   -1   -1   -1   -1   -1   -1   -1   -1   -1   -1   36   36   36   36   36   36   36   36   36   36   -1   -1   -1   -1   -1   -1   -1   37   37   37   37   37   37   37   37   37   37   37   37   37   37   37   37   37   37   37   37   37   37   37   37   37   37   -1   -1   -1   -1   -1   -1   38   38   38   38   59   38   38   38   38   38   38   38   38   38   38   38   38   38   38   38   38   38   38   38   38   38   -1   -1   -1   -1
  *56        -1   -1   -1   -1   -1   -1   -1   -1   -1   -1   -1   -1   -1   -1   -1   -1   56   56   56   56   56   56   56   56   56   56   -1   -1   -1   -1   -1   -1   -1   -1   -1   -1   -1   -1   -1   -1   -1   -1   -1   -1   -1   -1   -1   -1   -1   -1   -1   -1   -1   -1   -1   -1   -1   -1   -1   -1   -1   -1   -1   -1   -1   -1   -1   -1   -1   -1   -1   -1   -1   -1   -1   -1   -1   -1   -1   -1   -1   -1   -1   -1   -1   -1   -1   -1   -1   -1   -1   -1   -1   -1   -1
  *57        -1   -1   -1   -1   -1   -1   -1   -1   -1   -1   -1   -1   -1   -1   -1   -1   36   36   36   36   36   36   36   36   36   36   -1   -1   -1   -1   -1   -1   -1   37   37   37   37   37   37   37   37   37   37   37   37   37   37   37   37   37   37   37   37   37   37   37   37   37   37   -1   -1   -1   -1   -1   -1   60   38   38   38   38   38   38   38   38   38   38   38   38   38   38   38   38   38   38   38   38   38   38   38   38   38   -1   -1   -1   -1
  *58        -1   -1   -1   -1   -1   -1   -1   -1   -1   -1   -1   -1   -1   -1   -1   -1   36   36   36   36   36   36   36   36   36   36   -1   -1   -1   -1   -1   -1   -1   37   37   37   37   37   37   37   37   37   37   37   37   37   37   37   37   37   37   37   37   37   37   37   37   37   37   -1   -1   -1   -1   -1   -1   38   38   38   38   38   38   38   38   38   38   38   38   38   38   38   38   38   38   38   38   38   38   38   38   38   38   -1   -1   -1   -1
  *59        -1   -1   -1   -1   -1   -1   -1   -1   -1   -1   -1   -1   -1   -1   -1   -1   36   36   36   36   36   36   36   36   36   36   -1   -1   -1   -1   -1   -1   -1   37   37   37   37   37   37   37   37   37   37   37   37   37   37   37   37   37   37   37   37   37   37   37   37   37   37   -1   -1   -1   -1   -1   -1   38   38   38   38   38   38   38   38   38   38   38   38   38   38   38   38   38   38   38   38   38   38   38   38   38   38   -1   -1   -1   -1
  *60        -1   -1   -1   -1   -1   -1   -1   -1   -1   -1   -1   -1   -1   -1   -1   -1   36   36   36   36   36   36   36   36   36   36   -1   -1   -1   -1   -1   -1   -1   37   37   37   37   37   37   37   37   37   37   37   37   37   37   37   37   37   37   37   37   37   37   37   37   37   37   -1   -1   -1   -1   -1   -1   38   38   38   38   38   38   38   38   38   38   38   38   38   61   38   38   38   38   38   38   38   38   38   38   38   38   -1   -1   -1   -1
  *61        -1   -1   -1   -1   -1   -1   -1   -1   -1   -1   -1   -1   -1   -1   -1   -1   36   36   36   36   36   36   36   36   36   36   -1   -1   -1   -1   -1   -1   -1   37   37   37   37   37   37   37   37   37   37   37   37   37   37   37   37   37   37   37   37   37   37   37   37   37   37   -1   -1   -1   -1   -1   -1   38   38   38   38   38   38   38   38   38   38   38   38   38   38   38   38   38   38   38   38   38   38   38   38   38   38   -1   -1   -1   -1
